0.000000000000000000e+00
-3.247506526806525073e+01
1.391216550116557116e+01
-1.391216550116557116e+01
4.629768531468542392e+01
-4.629768531468542392e+01
3.846820046620055678e+01
-3.846820046620055678e+01
2.269379720279723500e+01
-2.269379720279723500e+01
1.004884685314688255e+02
-7.370722377622394106e+01
1.081747785547785057e+01
-1.081747785547785057e+01
3.530443356643364439e+01
-3.119826806526817720e+01
3.119826806526817720e+01
-2.453065501165507811e+01
1.182957575757577828e+01
-1.182957575757577828e+01
2.453065501165507811e+01
-3.530443356643364439e+01
1.375600699300704122e+01
-1.375600699300704122e+01
6.422720279720296332e+01
-5.400789976689991079e+01
5.400789976689991079e+01
-1.495936596736597579e+01
1.495936596736597579e+01
-6.422720279720296332e+01
3.678760139860157352e+01
-3.678760139860157352e+01
2.816918181818189026e+01
-2.816918181818189026e+01
5.995916317016328634e+01
-1.154576456876461776e+01
1.154576456876461776e+01
-2.898172494172503377e+01
1.410407692307704508e+01
0.000000000000000000e+00
