2.622411962590530621e+01
2.120681504866770339e+01
7.858380793931765140e+00
1.479986233109142546e+01
2.356380013699833853e+00
6.281794486609712180e+00
3.773969335114037449e+01
1.550038041230861552e+01
1.715630322812151576e+01
3.446372728077486158e+01
1.750330800790484886e+01
1.572667277075836978e+01
5.729963486744341594e+01
3.585847505154191595e+01
1.263126336529978744e+01
7.807131231392588688e+00
1.848567162308268053e+01
1.622371418445334257e+01
7.045974283145710615e+00
1.581663676597429458e+01
1.317994741369540179e+01
4.121498313710446837e+01
1.599177121827784731e+01
5.823955414801844199e+00
2.126480567398061794e+00
5.084148437356702743e+00
3.073725968178280255e+00
5.751738887981503012e+00
2.446258174975014299e+00
2.315492086914053971e+01
2.599372831108610171e+00
7.184829756028989323e+00
4.330879832750042624e+00
2.823370180119161432e+01
1.961866717354496359e+00
9.013832623983489611e+00
4.401799904975518984e+00
1.261493351580895705e+01
3.427573862216149791e+00
1.681541698491867010e+01
2.932328933653411696e+01
1.571416805559056229e+01
2.151410157228986009e+01
4.996624095853235303e+00
1.944226153028353110e+00
8.975412454081720171e+00
3.002745621430563006e+00
9.424720953089035902e+00
5.270585628269714107e+00
3.075893957992582273e+01
9.755898385636101011e+00
1.144365758938113231e+01
6.669206477751913553e+00
7.056455429390098288e+00
2.184817364385708061e+00
6.016850191316507335e+00
3.892562231397164396e+00
3.544531760128256792e+01
1.972332932132985661e+00
5.049815145569937158e+00
2.337169405722306692e+00
1.446155096076995505e+01
3.776889607289615469e+01
8.462111830987623762e+00
3.401226440389211803e+01
1.045441873543711608e+01
4.448894247662565249e+00
1.305020612345253994e+01
5.323391217342418713e+00
4.078218636281690124e+00
1.705091371592288851e+00
3.860696484929917460e+00
2.150659634395992725e+00
1.248922735312714849e+01
8.816387133915441154e+00
9.043791782222683651e+00
-6.892927788354593304e+02
